790
281
235
735
116
436
689
125
9
975
475
107
317
11
651
788
92
844
87
99
110
440
321
485
930
640
21
510
832
891
642
562
730
671
983
658
261
149
181
488
811
587
335
478
757
172
652
896
612
77
736
207
518
81
580
426
506
349
535
144
754
816
392
776
161
264
202
514
38
835
280
728
294
819
680
996
528
903
536
292
551
684
100
589
716
686
805
307
239
210
879
626
145
655
836
174
559
978
810
656
164
231
142
215
531
286
450
170
427
152
711
740
939
782
47
712
681
19
101
139
199
675
841
785
768
771
914
447
548
801
563
751
953
206
36
412
647
691
214
114
799
618
824
364
467
455
314
332
201
479
213
880
368
273
96
383
849
952
765
837
545
1000
432
522
842
382
425
916
509
761
56
22
998
802
131
908
327
471
2
614
590
571
421
418
458
615
899
151
948
245
979
817
270
637
911
489
209
928
827
84
73
241
601
856
748
457
288
69
722
293
303
82
968
446
812
931
71
893
957
500
123
76
88
544
148
955
796
926
375
505
634
678
575
137
906
902
900
17
586
128
228
539
242
534
373
481
166
764
141
981
882
387
972
256
733
858
985
386
233
611
704
524
527
620
410
739
179
823
58
555
244
695
23
938
146
932
337
705
10
180
269
959
578
913
713
845
234
102
35
636
359
857
132
140
89
775
947
185
404
30
451
324
517
398
848
526
605
279
423
919
344
830
763
719
943
791
866
237
604
297
549
670
915
945
772
221
8
302
632
973
878
787
797
212
696
818
318
80
964
692
994
958
133
330
197
51
363
74
529
934
312
949
603
265
974
863
520
366
621
521
278
633
631
951
862
341
53
378
441
617
794
257
847
923
588
91
547
376
585
851
758
401
665
230
156
380
130
834
627
371
781
523
560
394
513
875
306
982
351
707
59
941
574
984
898
596
283
46
248
755
323
602
779
346
223
118
883
813
821
752
115
476
925
285
63
688
808
530
746
667
374
266
205
499
871
944
965
868
679
630
992
664
95
929
198
897
395
414
987
225
886
793
515
502
313
991
177
541
760
68
887
710
243
385
573
593
648
584
901
942
986
222
889
353
668
461
625
173
608
16
963
72
119
443
249
402
491
65
320
846
599
104
409
147
187
737
474
697
340
577
464
150
592
367
742
607
3
411
361
354
594
26
40
512
287
749
193
558
865
336
220
308
370
702
456
927
188
723
5
153
582
646
542
328
134
369
508
127
333
766
117
175
884
905
433
339
538
396
247
540
12
260
600
741
661
372
459
305
329
579
843
57
912
7
250
850
203
326
86
826
685
507
377
468
556
169
698
572
570
136
597
569
970
196
786
907
888
291
274
34
581
895
183
933
254
641
311
388
767
532
703
290
52
240
780
726
422
159
126
492
700
557
487
872
814
806
217
990
216
498
90
348
208
564
495
24
154
860
211
434
828
439
840
993
397
718
111
676
516
135
960
460
784
138
472
721
45
769
624
792
6
163
365
345
619
833
186
184
936
666
171
999
504
962
543
568
734
192
28
519
379
300
616
729
876
687
236
253
910
1
49
980
50
663
525
622
465
894
298
399
438
724
121
654
435
449
976
444
416
921
78
48
262
83
610
606
25
272
683
804
106
701
613
950
653
873
977
448
690
352
33
480
27
66
4
720
276
219
413
390
831
483
537
360
869
218
956
454
649
168
803
639
39
988
662
874
493
546
744
271
706
299
565
469
20
682
561
809
43
403
54
267
583
70
18
852
673
229
452
946
255
195
743
800
954
820
490
966
890
356
224
995
315
623
200
258
643
762
122
759
275
554
108
503
717
165
15
567
576
94
31
331
406
798
44
477
650
355
393
158
552
246
79
732
14
97
64
961
362
674
61
773
777
75
924
825
497
511
838
282
693
160
437
917
400
629
645
644
191
113
316
859
284
453
60
419
566
263
384
98
967
864
694
105
881
189
304
660
155
322
971
484
989
839
628
277
342
753
420
428
591
708
855
473
829
918
909
501
807
204
783
466
194
295
638
238
358
190
112
381
770
389
699
822
62
677
129
745
13
182
431
870
296
424
877
32
553
659
430
178
85
609
550
343
533
259
725
232
357
935
252
669
350
853
301
714
29
598
789
756
774
920
41
442
885
405
715
157
42
727
997
747
407
892
143
937
109
415
251
854
55
635
815
103
391
37
227
795
67
657
486
731
120
162
867
470
334
408
861
429
462
595
738
494
482
904
672
922
496
289
319
445
310
417
93
347
940
167
709
750
309
778
176
325
463
268
124
969
338
226